228 69 10001933273.125
463 69 10001933273.125
228 332 10001933273.125
463 332 10001933273.125
186 214 10002470998.1875
421 214 10002470998.1875
183 122 10007357044.81
418 122 10007357044.81
183 385 10007357044.81
418 385 10007357044.81
178 210 10008904578.0775
413 210 10008904578.0775
104 153 10009872786.14
339 153 10009872786.14
104 416 10009872786.14
339 416 10009872786.14
181 121 10010955933.6275
416 121 10010955933.6275
181 384 10010955933.6275
416 384 10010955933.6275
143 6 10011111441.485
378 6 10011111441.485
143 269 10011111441.485
378 269 10011111441.485
76 44 10011124927.1875
311 44 10011124927.1875
76 307 10011124927.1875
311 307 10011124927.1875
194 221 10012165465.1275
429 221 10012165465.1275
221 66 10012244187.565
456 66 10012244187.565
221 329 10012244187.565
456 329 10012244187.565
104 152 10016143707.1775
339 152 10016143707.1775
104 415 10016143707.1775
339 415 10016143707.1775
178 33 10016171811.56
413 33 10016171811.56
178 296 10016171811.56
413 296 10016171811.56
198 222 10018276585.3225
433 222 10018276585.3225
51 202 10019305997.585
286 202 10019305997.585
51 465 10019305997.585
286 465 10019305997.585
13 172 10026157403.4375
248 172 10026157403.4375
13 435 10026157403.4375
248 435 10026157403.4375
93 56 10030161583.1875
328 56 10030161583.1875
93 319 10030161583.1875
328 319 10030161583.1875
120 76 10031876814.49
355 76 10031876814.49
120 339 10031876814.49
355 339 10031876814.49
91 232 10033584826.0225
326 232 10033584826.0225
223 153 10039063414.665
458 153 10039063414.665
223 416 10039063414.665
458 416 10039063414.665
53 114 10050702972.29
288 114 10050702972.29
53 377 10050702972.29
288 377 10050702972.29
192 130 10053128121.1775
427 130 10053128121.1775
192 393 10053128121.1775
427 393 10053128121.1775
98 235 10053360747.34
333 235 10053360747.34
144 96 10060740690.25
379 96 10060740690.25
144 359 10060740690.25
379 359 10060740690.25
5 80 10063607566.19
240 80 10063607566.19
5 343 10063607566.19
240 343 10063607566.19
67 38 10066011712.7275
302 38 10066011712.7275
67 301 10066011712.7275
302 301 10066011712.7275
190 216 10066380198.965
425 216 10066380198.965
209 55 10071984638.1475
444 55 10071984638.1475
209 318 10071984638.1475
444 318 10071984638.1475
69 128 10073543097.86
304 128 10073543097.86
69 391 10073543097.86
304 391 10073543097.86
145 95 10076968499.1475
380 95 10076968499.1475
