245
17 19 0.182577
31 36 0.337911
33 28 0.459553
41 72 0.165775
43 106 0.464388
47 73 0.212018
48 74 0.119660
54 86 0.226696
61 809 0.490674
65 112 0.191210
67 129 0.095428
68 84 0.566591
81 183 0.213425
82 184 0.572735
83 188 0.181557
85 193 0.613521
86 194 0.124634
87 196 0.569257
88 197 0.161052
89 200 0.226183
90 201 0.156716
96 211 0.412761
97 210 0.471245
111 223 0.275684
114 139 0.680876
133 273 0.124776
134 274 0.117698
135 275 0.219808
137 276 0.279364
140 277 0.207229
141 278 0.279609
142 279 0.099462
143 280 0.159086
144 282 0.176453
145 283 0.171442
146 284 0.172812
147 285 0.456013
148 286 0.188889
150 190 0.512643
151 289 0.200907
152 290 0.219664
153 295 0.183054
157 299 0.186157
158 300 0.104222
159 301 0.219050
160 302 0.100274
162 306 0.115578
163 307 0.107030
165 308 0.174611
166 309 0.225163
167 310 0.255481
168 311 0.086110
169 312 0.140496
171 317 0.209190
172 318 0.297527
173 319 0.104283
174 320 0.083889
175 323 0.205832
177 327 0.242452
178 328 0.204681
179 331 0.230769
180 332 0.176279
182 335 0.425865
183 336 0.162845
185 337 0.349610
186 339 0.225622
187 338 0.232023
188 340 0.133202
189 341 0.219163
190 345 0.376550
197 347 0.206709
198 348 0.364946
200 350 0.317904
201 351 0.251241
204 352 0.301533
205 353 0.189835
206 354 0.109127
207 551 0.576182
208 552 0.427752
211 356 0.521811
217 360 0.170231
218 361 0.181746
224 369 0.566965
228 378 0.236745
244 441 0.545099
245 442 0.551245
246 644 0.446468
247 645 0.663450
248 445 0.277563
249 446 0.259601
251 447 0.217936
252 449 0.158702
253 667 0.354150
254 668 0.486737
256 451 0.200082
259 453 0.106545
260 292 0.288797
261 293 0.313878
262 679 0.284367
263 680 0.437912
266 459 0.167745
268 460 0.172421
269 297 0.322288
270 298 0.510999
271 697 0.265582
272 463 0.231361
273 464 0.187662
274 465 0.309711
276 468 0.229761
277 469 0.416943
278 470 0.331676
279 472 0.219845
280 473 0.223010
281 475 0.178188
282 477 0.216613
285 702 0.614355
286 55 0.698132
287 478 0.284725
288 479 0.179739
291 485 0.455765
294 489 0.486825
297 304 0.454641
298 305 0.549877
299 490 0.262608
301 492 0.143098
307 498 0.170740
308 499 0.186095
309 500 0.178115
310 315 0.569981
320 512 0.129163
321 513 0.442504
322 514 0.146341
323 515 0.257020
324 516 0.250536
325 517 0.219628
328 519 0.217084
329 520 0.332126
333 523 0.286369
334 524 0.300623
337 526 0.372638
338 527 0.176885
340 529 0.472785
342 531 0.423759
343 532 0.476787
346 538 0.382436
347 536 0.436646
348 537 0.183452
357 361 0.559824
362 559 0.623180
365 560 0.192785
366 561 0.347396
374 566 0.542210
378 569 0.403006
379 370 0.559999
380 858 0.680983
389 576 0.584229
390 577 0.664305
392 581 0.407439
394 585 0.306276
398 587 0.107514
400 869 0.393779
415 436 0.272686
418 643 0.298336
421 655 0.420911
422 658 0.392356
423 659 0.248624
425 664 0.467678
426 665 0.284433
427 666 0.189517
429 450 0.520971
430 670 0.394012
433 676 0.306192
435 683 0.544495
436 684 0.383234
437 455 0.523968
439 691 0.273842
443 695 0.369160
444 693 0.167694
446 696 0.375129
451 700 0.157188
452 701 0.407497
454 712 0.139001
455 713 0.454262
463 722 0.258791
464 723 0.371862
467 728 0.477542
468 729 0.220318
469 726 0.394696
470 727 0.163387
472 494 0.328559
473 495 0.390105
474 734 0.220496
475 735 0.437549
477 501 0.261327
478 502 0.336097
481 738 0.505204
482 739 0.136339
484 744 0.173469
487 745 0.208878
488 746 0.439458
490 748 0.238393
501 768 0.140433
502 765 0.408947
503 766 0.160063
505 773 0.255070
507 775 0.247103
508 538 0.629305
509 525 0.604471
512 778 0.293358
513 779 0.304309
514 776 0.372572
519 782 0.187890
520 783 0.337275
521 785 0.312624
522 787 0.218377
525 789 0.683590
527 791 0.364645
528 533 0.607157
532 793 0.210847
533 794 0.339679
534 534 0.528493
535 535 0.507032
548 804 0.214282
549 805 0.557274
550 806 0.378957
551 802 0.439078
552 803 0.197705
557 807 0.228629
558 808 0.246919
560 361 0.672119
562 810 0.525656
563 811 0.419460
567 819 0.361514
568 820 0.387863
580 828 0.459662
582 830 0.660969
588 560 0.673405
589 836 0.641886
602 846 0.581157
607 846 0.540463
609 852 0.521375
613 259 0.678410
621 878 0.252868
623 886 0.283141
624 887 0.332749
