396
8 9 0.612561
13 10 0.597530
15 12 0.422368
18 19 0.467730
21 25 0.312063
25 20 0.664880
50 36 0.539285
55 18 0.635793
56 19 0.602705
64 40 0.485062
71 50 0.445876
100 58 0.355681
105 102 0.433030
106 63 0.313977
107 64 0.356726
108 65 0.518363
110 68 0.560817
112 73 0.207247
113 74 0.091924
115 75 0.248453
116 76 0.138258
119 79 0.335876
121 81 0.420940
124 83 0.406326
125 84 0.530225
129 94 0.470056
134 100 0.167959
135 102 0.116080
138 103 0.105116
144 108 0.317562
152 114 0.067644
153 115 0.065355
154 116 0.060316
156 76 0.592740
160 76 0.649773
162 118 0.085558
165 120 0.264755
171 122 0.105083
172 123 0.141064
173 124 0.200700
176 125 0.152637
178 127 0.667798
181 127 0.310417
183 129 0.170829
184 130 0.404381
188 132 0.523604
191 131 0.674830
193 134 0.574930
197 54 0.427937
206 93 0.564041
207 140 0.347694
213 101 0.261323
216 150 0.296761
217 151 0.149367
219 153 0.109868
223 158 0.071659
230 161 0.101843
231 162 0.124622
233 165 0.155006
238 168 0.267365
244 175 0.083058
253 176 0.508187
257 254 0.247669
259 178 0.110380
268 181 0.114691
280 183 0.348089
286 76 0.678171
290 186 0.160779
292 189 0.144345
307 197 0.250889
308 198 0.263143
316 203 0.201431
328 208 0.168913
333 212 0.280159
341 215 0.107771
343 216 0.174240
344 217 0.135887
349 218 0.179899
351 224 0.259636
352 225 0.416220
353 227 0.363475
354 228 0.138414
357 231 0.241187
365 235 0.112679
366 236 0.109632
370 174 0.622405
371 381 0.599485
372 240 0.069133
373 244 0.146116
377 246 0.286344
378 391 0.532923
379 248 0.034335
381 252 0.072048
382 253 0.156487
391 255 0.243103
397 259 0.205214
398 260 0.099280
404 263 0.070888
405 266 0.116415
421 276 0.201008
425 279 0.145779
429 281 0.207018
433 1030 0.699355
461 297 0.185822
462 298 0.222212
463 299 0.203920
464 300 0.174273
465 301 0.193449
466 302 0.169608
467 303 0.131521
468 473 0.357828
469 307 0.315249
470 308 0.137104
471 309 0.305166
472 478 0.550764
482 323 0.217904
483 322 0.192313
484 324 0.313094
485 325 0.607501
487 326 0.586606
488 327 0.099719
490 328 0.310426
491 329 0.208992
493 333 0.131789
494 334 0.292258
495 335 0.188819
498 338 0.244484
503 345 0.693173
513 212 0.659490
516 355 0.206477
519 357 0.164153
521 360 0.190863
526 362 0.199300
527 363 0.457752
530 365 0.155917
533 366 0.155874
537 582 0.392197
538 368 0.230362
540 590 0.360922
541 591 0.513110
545 376 0.109094
552 381 0.111811
561 385 0.220505
563 387 0.279415
564 388 0.111028
570 389 0.103007
571 390 0.240799
574 392 0.095458
576 250 0.343964
580 394 0.362975
581 396 0.213616
583 397 0.143408
588 400 0.162579
589 401 0.171486
590 402 0.134501
597 404 0.064429
599 405 0.358419
600 406 0.187487
606 408 0.075323
607 409 0.092877
608 410 0.107093
609 411 0.080333
613 416 0.086644
614 424 0.548634
637 420 0.293728
638 421 0.185008
642 424 0.497023
646 426 0.100102
647 427 0.143374
656 434 0.316023
666 672 0.478657
679 448 0.210332
684 450 0.525551
685 451 0.429721
688 454 0.261421
689 455 0.226846
694 460 0.169730
713 462 0.223042
716 463 0.343397
717 464 0.245752
718 467 0.264465
719 468 0.220230
720 469 0.220172
721 471 0.356984
723 472 0.207165
724 733 0.512269
725 475 0.209814
727 478 0.181592
728 479 0.396119
729 480 0.422813
739 750 0.598698
741 490 0.233651
746 497 0.175245
747 498 0.093060
756 513 0.127152
761 520 0.157687
762 337 0.274033
767 522 0.179640
769 524 0.209547
770 525 0.405023
772 805 0.468901
778 212 0.679530
790 536 0.329332
791 537 0.171496
797 541 0.434254
806 547 0.088003
811 552 0.400107
813 554 0.270830
818 559 0.236287
822 562 0.212038
826 565 0.301101
827 566 0.194286
828 569 0.335504
831 570 0.169684
832 571 0.183475
836 574 0.375792
839 575 0.119667
840 576 0.389415
843 579 0.211099
844 580 0.126142
856 586 0.237126
857 589 0.310983
858 588 0.130661
859 592 0.094527
863 374 0.517102
864 375 0.540555
867 599 0.309168
869 601 0.164665
872 602 0.413880
877 605 0.128578
881 609 0.184467
884 613 0.130459
885 612 0.184208
888 616 0.180647
890 403 0.559474
891 942 0.429784
892 619 0.120245
893 620 0.133706
894 621 0.167892
895 622 0.191483
896 623 0.155593
897 624 0.158223
898 626 0.137124
899 628 0.196765
905 629 0.077375
907 632 0.223242
918 634 0.088994
923 965 0.696134
946 641 0.341661
947 642 0.444628
950 643 0.169001
959 645 0.141303
976 1011 0.379975
977 1012 0.629955
981 657 0.561955
982 652 0.144327
986 656 0.570776
987 657 0.665711
989 659 0.090311
991 660 0.529591
997 669 0.439160
1017 686 0.313962
1028 690 0.294884
1050 700 0.367999
1051 701 0.370201
1069 704 0.550772
1084 707 0.172130
1089 708 0.219835
1090 709 0.195724
1098 714 0.285428
1099 715 0.280709
1107 718 0.409418
1108 721 0.359808
1109 722 0.331397
1111 726 0.141365
1114 731 0.265075
1115 732 0.187840
1117 735 0.303937
1118 736 0.202834
1124 738 0.234150
1151 760 0.247676
1155 202 0.642336
1159 502 0.383489
1161 766 0.218499
1162 506 0.358042
1163 768 0.286652
1164 771 0.165127
1165 769 0.238709
1167 772 0.235331
1169 773 0.184389
1170 774 0.238624
1175 776 0.239997
1176 778 0.338637
1177 779 0.157217
1184 782 0.305207
1187 784 0.343023
1188 785 0.416557
1191 517 0.662551
1192 518 0.625413
1195 792 0.359730
1197 794 0.117304
1201 796 0.174032
1204 799 0.356735
1212 814 0.207111
1220 819 0.315899
1221 820 0.351348
1223 822 0.274955
1232 827 0.295411
1237 830 0.357790
1238 829 0.344853
1239 525 0.684874
1241 831 0.253606
1245 833 0.129441
1246 834 0.300200
1247 835 0.171498
1249 836 0.311454
1250 837 0.326539
1257 839 0.244550
1262 843 0.316030
1264 844 0.403074
1269 847 0.392255
1274 848 0.495766
1275 849 0.515970
1279 851 0.370003
1281 852 0.218735
1283 853 0.292093
1285 855 0.679842
1299 857 0.479309
1303 864 0.290600
1313 869 0.325165
1318 871 0.250601
1319 872 0.463200
1328 875 0.429159
1329 876 0.196225
1330 877 0.280372
1331 878 0.492451
1332 879 0.099028
1345 884 0.267278
1346 885 0.148396
1356 886 0.159429
1358 888 0.196440
1361 889 0.353752
1365 891 0.370089
1366 587 0.527758
1373 896 0.297216
1381 899 0.313884
1384 902 0.420654
1390 906 0.278042
1401 627 0.699419
1404 1016 0.620566
1408 913 0.194023
1410 915 0.180199
1411 916 0.387869
1412 917 0.420940
1413 918 0.293326
1416 920 0.344123
1423 924 0.272143
1439 933 0.227843
1442 936 0.408111
1444 935 0.164541
1445 937 0.140058
1447 938 0.466794
1453 945 0.217642
1454 946 0.479777
1463 953 0.183770
1464 952 0.307965
1478 956 0.436112
1479 957 0.388841
1481 959 0.241525
1489 623 0.533668
1497 628 0.685933
1505 1008 0.693555
1507 967 0.294188
1509 969 0.293409
1510 971 0.232398
1512 972 0.167968
1518 973 0.132622
1519 974 0.214575
1520 637 0.505710
1526 978 0.244515
1527 979 0.217138
1571 665 0.419748
1573 993 0.298176
1574 995 0.275587
1576 989 0.692873
1584 1001 0.335975
1590 1011 0.678313
1596 1005 0.310847
1604 650 0.305563
1628 1017 0.452946
1629 1018 0.285156
1636 1020 0.224447
1639 1021 0.652828
1640 1022 0.670446
1644 663 0.682939
1654 1028 0.416598
