94
47 80 0.594020
69 37 0.599186
104 50 0.606507
133 63 0.672439
166 66 0.168311
171 72 0.273764
172 73 0.155917
185 78 0.541613
190 79 0.681689
209 84 0.558785
230 108 0.341742
239 115 0.256330
261 121 0.611422
265 231 0.648712
267 126 0.457527
269 128 0.449938
270 129 0.580652
271 131 0.325244
272 130 0.512001
280 238 0.597230
288 132 0.596132
296 240 0.659367
316 136 0.105949
322 136 0.564304
349 300 0.532717
354 170 0.271009
364 319 0.324534
367 184 0.174142
369 191 0.216719
370 192 0.256086
371 193 0.252587
372 196 0.230902
377 203 0.314034
378 202 0.387839
393 220 0.376113
398 221 0.523660
399 222 0.421722
412 232 0.351893
413 233 0.454543
417 234 0.418612
422 236 0.329070
423 237 0.447628
429 238 0.352720
482 404 0.642821
515 257 0.161706
526 267 0.347323
528 156 0.678955
530 292 0.558400
533 459 0.283897
534 465 0.232634
535 466 0.320198
540 306 0.344027
544 311 0.226690
545 312 0.314541
548 313 0.216410
556 314 0.526717
561 315 0.194533
573 318 0.222387
577 326 0.314355
578 327 0.217314
583 504 0.468544
584 335 0.364368
585 336 0.130656
595 351 0.336637
606 359 0.431907
610 377 0.563142
630 395 0.252115
631 396 0.414097
633 399 0.612870
635 404 0.509912
636 405 0.298918
638 406 0.349503
658 629 0.636564
662 629 0.617708
781 16 0.541895
788 431 0.503213
815 449 0.428560
824 458 0.381321
862 485 0.398530
863 486 0.553942
864 271 0.586302
873 494 0.607268
890 518 0.314815
894 530 0.245714
895 531 0.426616
897 541 0.521825
908 578 0.260860
909 579 0.497341
921 604 0.524474
975 625 0.551000
986 625 0.671188
997 629 0.463537
1014 410 0.522238
1015 631 0.562474
